   -0.0252583702
   -0.0151493951
   -0.0340764824
   -0.0169913652
   -0.0100556863
   -0.0156053143
   -0.0341583653
   -0.0178215341
   -0.0107642687
   -0.0258059147
   -0.0255726536
   -0.0104449222
   -0.0155707550
   -0.0341084212
   -0.0172719986
   -0.0103758031
   -0.0151806539
   -0.0341373855
   -0.0175342390
   -0.0254941795
   -0.0258451751
   -0.0176913628
   -0.0107992458
   -0.0158013221
   -0.0341419554
   -0.0171232710
   -0.0100214423
   -0.0149553219
   -0.0340891034
   -0.0252191564
   -0.0258059229
   -0.0178215440
   -0.0107642892
   -0.0156053412
   -0.0341583618
   -0.0169913555
   -0.0100556652
   -0.0151493679
   -0.0340764857
   -0.0252583617
   -0.0254942069
   -0.0341373876
   -0.0175342699
   -0.0103758356
   -0.0151806813
   -0.0341084193
   -0.0172719673
   -0.0104448885
   -0.0155707262
   -0.0255726258
   -0.0252191592
   -0.0340890979
   -0.0171232927
   -0.0100214594
   -0.0149553313
    0.0032474541
    0.0034534940
    0.0028713051
    0.0025564928
   -0.0341419608
   -0.0176913398
   -0.0107992284
   -0.0158013127
   -0.0258451723
    0.0023263728
    0.0053386444
    0.0104953705
    0.0103933171
    0.0120143829
    0.0123738929
    0.0104820302
    0.0101663623
    0.0118701095
    0.0122704649
    0.0020866176
    0.0049364948
    0.0054140464
    0.0004117161
   -0.0009517761
    0.0125040741
    0.0114335508
    0.0104568314
    0.0109691267
    0.0125127541
    0.0115186840
    0.0108283881
    0.0108811541
    0.0054488797
    0.0007694850
   -0.0012748778
    0.0006677744
    0.0051949004
    0.0102805770
    0.0118850104
    0.0122487223
    0.0103954338
    0.0102854896
    0.0120015051
    0.0123933884
    0.0105759580
    0.0009842952
    0.0056218632
   -0.0011136368
    0.0021375205
    0.0049123035
    0.0108356068
    0.0124457153
    0.0114393919
    0.0107331812
    0.0110104327
    0.0125688286
    0.0115143443
    0.0105603203
    0.0026459630
    0.0052402126
    0.0035723576
    0.0045153010
    0.0101709153
    0.0119301062
    0.0123430977
    0.0105701198
    0.0103929335
    0.0119579047
    0.0123018915
    0.0104029858
    0.0036765035
    0.0043508951
    0.0047253513
    0.0037226355
    0.0109685435
    0.0125730950
    0.0115547888
    0.0107424061
    0.0108817167
    0.0124413068
    0.0113946972
    0.0105436810
    0.0043451370
    0.0032298014
   -0.0211695386
   -0.0141105095
   -0.0299464605
   -0.0155496527
   -0.0103464079
   -0.0010811443
   -0.0018311883
   -0.0145291177
   -0.0303119899
   -0.0161970339
   -0.0109031841
   -0.0216493687
   -0.0214443773
   -0.0106531953
   -0.0144487588
   -0.0301393105
   -0.0158091574
   -0.0006590203
   -0.0009130593
   -0.0105957405
   -0.0141880867
   -0.0301230474
   -0.0159345773
   -0.0213756064
   -0.0216838683
   -0.0161357197
   -0.0109324239
   -0.0146596527
   -0.0303188363
   -0.0156136379
   -0.0103181339
   -0.0139804040
   -0.0299370994
   -0.0211352643
   -0.0216493776
   -0.0161970441
   -0.0109032002
   -0.0145291378
   -0.0303119906
   -0.0010149960
   -0.0006815500
   -0.0155496426
   -0.0103463915
   -0.0141104890
   -0.0299464595
   -0.0211695295
   -0.0213756302
   -0.0301230607
   -0.0159346038
   -0.0105957667
   -0.0141881108
   -0.0012774192
   -0.0017535714
   -0.0301392972
   -0.0158091303
   -0.0106531682
   -0.0144487337
   -0.0214443531
   -0.0211352691
   -0.0299370969
   -0.0156136534
   -0.0103181471
   -0.0139804129
   -0.0019349323
   -0.0018095777
   -0.0023097878
   -0.0025628911
   -0.0303188390
   -0.0161357035
   -0.0109324104
   -0.0146596438
   -0.0216838635
   -0.0010192378
   -0.0021662398
    0.0018205672
    0.0062671206
    0.0064638257
    0.0078909305
    0.0078248624
    0.0092496018
    0.0097851422
    0.0094267384
    0.0100255201
    0.0096945156
    0.0062317899
    0.0061833541
    0.0076986489
    0.0076852124
   -0.0012962310
    0.0014545288
    0.0016215479
   -0.0012806394
    0.0079854943
    0.0073005157
    0.0055158233
    0.0069538335
    0.0100264366
    0.0096942611
    0.0092474628
    0.0097859786
    0.0094282964
    0.0079973679
    0.0074076176
    0.0058668691
    0.0068516013
    0.0016569739
   -0.0010342223
   -0.0025262085
    0.0014363103
   -0.0014223257
    0.0057388568
    0.0073355337
    0.0078771077
    0.0067041903
    0.0097877799
    0.0094280952
    0.0100254697
    0.0096931441
    0.0092472664
    0.0057868340
    0.0074957691
    0.0080744714
    0.0069473481
   -0.0022531689
    0.0018378240
   -0.0008988392
    0.0014545146
   -0.0012962513
    0.0061833487
    0.0076986421
    0.0076852039
    0.0062317769
    0.0097851422
    0.0094267383
    0.0100255201
    0.0096945156
    0.0092496021
    0.0064638309
    0.0078909371
    0.0078248709
    0.0062671340
   -0.0021662285
    0.0018205812
   -0.0010192175
   -0.0025262300
    0.0016569565
   -0.0010342403
    0.0068515924
    0.0079973598
    0.0074076099
    0.0058668630
    0.0097859790
    0.0094282966
    0.0100264368
    0.0096942613
    0.0092474633
    0.0069538429
    0.0079855029
    0.0073005240
    0.0055158308
    0.0016215658
   -0.0012806205
   -0.0022531871
    0.0018378116
   -0.0008988501
    0.0057868196
    0.0074957612
    0.0080744653
    0.0069473422
    0.0097877805
    0.0094280956
    0.0100254699
    0.0096931442
    0.0092472665
    0.0057388725
    0.0073355423
    0.0078771142
    0.0067041963
    0.0014363233
   -0.0014223147
   -0.0174794813
   -0.0123204210
   -0.0248099542
   -0.0133726489
   -0.0095522764
   -0.0032126113
   -0.0038134713
   -0.0126775285
   -0.0252179060
   -0.0138962384
   -0.0100071671
   -0.0178938862
   -0.0177163911
   -0.0098034644
   -0.0125966017
   -0.0250345658
   -0.0135927721
   -0.0022763637
   -0.0029071089
    0.0046530620
   -0.0020370972
   -0.0030938924
   -0.0097549510
   -0.0123991893
   -0.0249938759
   -0.0136741584
   -0.0176569966
   -0.0179237734
   -0.0138566444
   -0.0100318770
   -0.0127763655
   -0.0252376841
   -0.0027530387
   -0.0028780206
   -0.0023236257
   -0.0022821573
   -0.0134143543
   -0.0095284328
   -0.0122218697
   -0.0247890690
   -0.0174499657
   -0.0178938954
   -0.0138962484
   -0.0100071808
   -0.0126775448
   -0.0252179099
   -0.0024033083
   -0.0031876743
   -0.0018387145
   -0.0029050827
   -0.0133726389
   -0.0095522625
   -0.0123204044
   -0.0248099500
   -0.0174794718
   -0.0176570173
   -0.0249938924
   -0.0136741808
   -0.0097549729
   -0.0123992100
   -0.0033823134
    0.0046530751
   -0.0037400549
   -0.0250345492
   -0.0135927492
   -0.0098034419
   -0.0125965803
   -0.0177163700
   -0.0174499718
   -0.0247890699
   -0.0134143671
   -0.0095284441
   -0.0122218784
   -0.0039076029
   -0.0038278765
   -0.0042492330
   -0.0044416636
   -0.0252376834
   -0.0138566312
   -0.0100318655
   -0.0127763568
   -0.0179237673
    0.0007818199
    0.0049283096
    0.0053840878
    0.0061399308
    0.0059283668
    0.0076784524
    0.0077274398
    0.0075906966
    0.0078532321
    0.0076082825
    0.0049080947
    0.0051644044
    0.0059831682
    0.0058161165
    0.0004613503
    0.0006080417
    0.0061039132
    0.0056989629
    0.0046237742
    0.0054885930
    0.0078431047
    0.0076727386
    0.0075370537
    0.0080111431
    0.0075319954
    0.0061131605
    0.0057865749
    0.0048882796
    0.0054051032
    0.0006383426
    0.0004457192
    0.0046047363
    0.0055427647
    0.0060401092
    0.0054935781
    0.0044688571
    0.0084641441
    0.0074858657
    0.0078149052
    0.0077325555
    0.0074744164
    0.0046364466
    0.0056732202
    0.0062034455
    0.0056913331
    0.0047404754
    0.0007965324
    0.0004613378
    0.0046283907
    0.0056631577
    0.0060371965
    0.0053916608
    0.0074641270
    0.0077723533
    0.0077850257
    0.0074680078
    0.0049092696
    0.0058457191
    0.0061725151
    0.0054709695
    0.0007818323
    0.0006383272
    0.0048457667
    0.0058687455
    0.0060792045
    0.0053353467
    0.0074854305
    0.0077190134
    0.0078240532
    0.0074952762
    0.0083271339
    0.0050205072
    0.0058982585
    0.0060343170
    0.0051838622
    0.0006080576
    0.0007965214
    0.0051518369
    0.0060603722
    0.0060660633
    0.0051980081
    0.0075653619
    0.0076561945
    0.0078464720
    0.0075450254
    0.0079251350
    0.0050533899
    0.0059113807
    0.0058877116
    0.0049719311
    0.0004457307
   -0.0145015249
   -0.0106264066
   -0.0202884142
   -0.0113952576
   -0.0085670036
   -0.0040252093
   -0.0023988370
   -0.0028256990
    0.0023487805
    0.0019003848
   -0.0045130639
   -0.0028196535
   -0.0031408632
   -0.0109263808
   -0.0206596951
   -0.0118286595
   -0.0089449959
   -0.0148568925
   -0.0147043751
   -0.0087759255
   -0.0108554411
   -0.0204978152
   -0.0115790400
   -0.0025344410
   -0.0033363903
   -0.0037988073
    0.0019007102
    0.0022236466
   -0.0025026049
   -0.0031483499
   -0.0039380314
   -0.0087349286
   -0.0106956438
   -0.0204495680
   -0.0116431206
   -0.0146534418
   -0.0148825893
   -0.0117973567
   -0.0089658784
   -0.0110064959
   -0.0206836929
   -0.0036972430
   -0.0027165771
   -0.0037925846
    0.0020136341
    0.0022388996
   -0.0033425235
   -0.0022650216
   -0.0033088559
   -0.0114279721
   -0.0085468589
   -0.0105467376
   -0.0202641687
   -0.0144762759
   -0.0148569017
   -0.0118286692
   -0.0089450079
   -0.0109263947
   -0.0206597012
   -0.0034434265
   -0.0027132305
   -0.0040257288
    0.0020044239
    0.0021211647
   -0.0029910332
   -0.0023360620
   -0.0037822502
   -0.0113952480
   -0.0085669915
   -0.0106263924
   -0.0202884079
   -0.0145015155
   -0.0146534599
   -0.0204495847
   -0.0116431396
   -0.0087349472
   -0.0106956616
   -0.0029862042
   -0.0025656672
   -0.0041696840
    0.0020156966
    0.0022389245
   -0.0029365222
   -0.0026745159
   -0.0044450407
   -0.0204977985
   -0.0115790205
   -0.0087759063
   -0.0108554227
   -0.0147043566
   -0.0144762827
   -0.0202641722
   -0.0114279833
   -0.0085468690
   -0.0105467461
   -0.0045731490
   -0.0025531846
   -0.0025391326
   -0.0045170696
    0.0022799155
    0.0018403061
   -0.0048725206
   -0.0029634469
   -0.0030113215
   -0.0050195683
   -0.0206836896
   -0.0117973451
   -0.0089658681
   -0.0110064874
   -0.0148825824
   -0.0008241548
    0.0025504497
    0.0031183053
    0.0038602857
    0.0036656456
    0.0060473232
    0.0059248323
    0.0059614060
    0.0060710779
    0.0058871661
    0.0060632169
    0.0058323874
    0.0058960778
    0.0060211807
    0.0058551725
    0.0025009957
    0.0028702738
    0.0036826414
    0.0035359012
   -0.0011325850
   -0.0009921117
    0.0038075468
    0.0034317728
    0.0032275140
    0.0060410362
    0.0059317228
    0.0058167472
    0.0061821010
    0.0058708442
    0.0060436198
    0.0059598100
    0.0058921326
    0.0060785996
    0.0058432178
    0.0038184172
    0.0035279394
    0.0031407743
   -0.0009614172
   -0.0011484464
    0.0032723019
    0.0037316818
    0.0032207900
    0.0058016393
    0.0059718838
    0.0059785697
    0.0057829354
    0.0058385463
    0.0060257378
    0.0060422784
    0.0058594503
    0.0034251409
    0.0039170700
    0.0034460075
   -0.0008092811
   -0.0011325969
    0.0033874875
    0.0037326619
    0.0031181939
    0.0058323854
    0.0058960756
    0.0060211782
    0.0058551694
    0.0060632121
    0.0059248342
    0.0059614081
    0.0060710803
    0.0058871694
    0.0060473285
    0.0024347542
    0.0035941998
    0.0038865552
    0.0032166476
   -0.0008241430
   -0.0009614321
    0.0024628082
    0.0035957062
    0.0037924208
    0.0030578939
    0.0060785967
    0.0058432151
    0.0060436173
    0.0059598077
    0.0058921306
    0.0061821042
    0.0058708472
    0.0060410391
    0.0059317256
    0.0058167500
    0.0026354438
    0.0036268637
    0.0037423024
    0.0028966499
   -0.0009920963
   -0.0008092915
    0.0028482993
    0.0037890821
    0.0037971351
    0.0028919747
    0.0058385432
    0.0060257356
    0.0060422764
    0.0058594483
    0.0058016431
    0.0059718865
    0.0059785719
    0.0057829377
    0.0027211826
    0.0036188643
    0.0035947002
    0.0026329926
   -0.0011484355
